<Title>
 metano
</Title>
<Keywords>
 GTO
</Keywords>
<Number of Nuclei>
 5
</Number of Nuclei>
<Number of Occupied Molecular Orbitals>
 5
</Number of Occupied Molecular Orbitals>
<Number of Perturbations>
 0
</Number of Perturbations>
<Net Charge>
 0
</Net Charge>
<Number of Electrons>
 10
</Number of Electrons>
<Number of Alpha Electrons>
 5
</Number of Alpha Electrons>
<Number of Beta Electrons>
 5
</Number of Beta Electrons>
<Electronic Spin Multiplicity>
 1
</Electronic Spin Multiplicity>
<Number of Core Electrons>
 0
</Number of Core Electrons>
<Nuclear Names>
 C1
 H2
 H3
 H4
 H5
</Nuclear Names>
<Atomic Numbers>
 6
 1
 1
 1
 1
</Atomic Numbers>
<Nuclear Charges>
  6.000000000000e+00
  1.000000000000e+00
  1.000000000000e+00
  1.000000000000e+00
  1.000000000000e+00
</Nuclear Charges>
<Nuclear Cartesian Coordinates>
  0.000000000000e+00  0.000000000000e+00  0.000000000000e+00
  1.181600974892e+00  1.181600974892e+00  1.181600974892e+00
 -1.181600974892e+00 -1.181600974892e+00  1.181600974892e+00
  1.181600974892e+00 -1.181600974892e+00 -1.181600974892e+00
 -1.181600974892e+00  1.181600974892e+00 -1.181600974892e+00
</Nuclear Cartesian Coordinates>
<Number of Primitives>
 27
</Number of Primitives>
<Primitive Centers>
                   1                   1                   1                   1                   1
                   1                   1                   1                   1                   1
                   1                   1                   1                   1                   1
                   2                   2                   2                   3                   3
                   3                   4                   4                   4                   5
                   5                   5
</Primitive Centers>
<Primitive Types>
                   1                   1                   1                   1                   1
                   1                   2                   2                   2                   3
                   3                   3                   4                   4                   4
                   1                   1                   1                   1                   1
                   1                   1                   1                   1                   1
                   1                   1
</Primitive Types>
<Primitive Exponents>
  7.161683734896e+01  1.304509632356e+01  3.530512160099e+00  2.941249355249e+00  6.834830964347e-01
  2.222899159040e-01  2.941249355249e+00  6.834830964347e-01  2.222899159040e-01  2.941249355249e+00
  6.834830964347e-01  2.222899159040e-01  2.941249355249e+00  6.834830964347e-01  2.222899159040e-01
  3.425250913958e+00  6.239137297731e-01  1.688554039910e-01  3.425250913958e+00  6.239137297731e-01
  1.688554039910e-01  3.425250913958e+00  6.239137297731e-01  1.688554039910e-01  3.425250913958e+00
  6.239137297731e-01  1.688554039910e-01
</Primitive Exponents>
<Molecular Orbital Occupation Numbers>
  2.000000000000e+00
  2.000000000000e+00
  2.000000000000e+00
  2.000000000000e+00
  2.000000000000e+00
</Molecular Orbital Occupation Numbers>
<Molecular Orbital Energies>
 -1.102968664702e+01
 -9.120948349340e-01
 -5.204952205649e-01
 -5.204952205649e-01
 -5.204952205649e-01
</Molecular Orbital Energies>
<Molecular Orbital Spin Types>
 Alpha and Beta
 Alpha and Beta
 Alpha and Beta
 Alpha and Beta
 Alpha and Beta
</Molecular Orbital Spin Types>
<Molecular Orbital Primitive Coefficients>
<MO Number>
 1
</MO Number>
  2.685950133240e+00  2.597734033198e+00  8.096002318758e-01 -6.137558217831e-03
  8.209479947436e-03  6.195816981300e-03  0.000000000000e+00  0.000000000000e+00
  0.000000000000e+00  0.000000000000e+00  0.000000000000e+00  0.000000000000e+00
  0.000000000000e+00  0.000000000000e+00  0.000000000000e+00 -1.940504118811e-03
 -1.876771101821e-03 -5.849075770629e-04 -1.940504118811e-03 -1.876771101821e-03
 -5.849075770629e-04 -1.940504118811e-03 -1.876771101821e-03 -5.849075770629e-04
 -1.940504118811e-03 -1.876771101821e-03 -5.849075770629e-04
<MO Number>
 2
</MO Number>
 -5.995935860543e-01 -5.799008124926e-01 -1.807297538004e-01 -1.004246673763e-01
  1.343261055608e-01  1.013779156773e-01  0.000000000000e+00  0.000000000000e+00
  0.000000000000e+00  0.000000000000e+00  0.000000000000e+00  0.000000000000e+00
  0.000000000000e+00  0.000000000000e+00  0.000000000000e+00  5.000525337952e-02
  4.836290403723e-02  1.507260474796e-02  5.000525337952e-02  4.836290403723e-02
  1.507260474796e-02  5.000525337952e-02  4.836290403723e-02  1.507260474796e-02
  5.000525337952e-02  4.836290403723e-02  1.507260474796e-02
<MO Number>
 3
</MO Number>
  0.000000000000e+00  0.000000000000e+00  0.000000000000e+00 -0.000000000000e+00
  0.000000000000e+00  0.000000000000e+00  0.000000000000e+00  0.000000000000e+00
  0.000000000000e+00  0.000000000000e+00  0.000000000000e+00  0.000000000000e+00
  4.896281861706e-01  3.078913426073e-01  4.877516153685e-02  8.330739553188e-02
  8.057128608312e-02  2.511055060364e-02  8.330739553188e-02  8.057128608312e-02
  2.511055060364e-02 -8.330739553188e-02 -8.057128608312e-02 -2.511055060364e-02
 -8.330739553188e-02 -8.057128608312e-02 -2.511055060364e-02
<MO Number>
 4
</MO Number>
  0.000000000000e+00  0.000000000000e+00  0.000000000000e+00 -0.000000000000e+00
  0.000000000000e+00  0.000000000000e+00  0.000000000000e+00  0.000000000000e+00
  0.000000000000e+00  4.896281861706e-01  3.078913426073e-01  4.877516153685e-02
  0.000000000000e+00  0.000000000000e+00  0.000000000000e+00  8.330739553188e-02
  8.057128608312e-02  2.511055060364e-02 -8.330739553188e-02 -8.057128608312e-02
 -2.511055060364e-02 -8.330739553188e-02 -8.057128608312e-02 -2.511055060364e-02
  8.330739553188e-02  8.057128608312e-02  2.511055060364e-02
<MO Number>
 5
</MO Number>
  0.000000000000e+00  0.000000000000e+00  0.000000000000e+00 -0.000000000000e+00
  0.000000000000e+00  0.000000000000e+00  4.896281861706e-01  3.078913426073e-01
  4.877516153685e-02  0.000000000000e+00  0.000000000000e+00  0.000000000000e+00
  0.000000000000e+00  0.000000000000e+00  0.000000000000e+00  8.330739553188e-02
  8.057128608312e-02  2.511055060364e-02 -8.330739553188e-02 -8.057128608312e-02
 -2.511055060364e-02  8.330739553188e-02  8.057128608312e-02  2.511055060364e-02
 -8.330739553188e-02 -8.057128608312e-02 -2.511055060364e-02
</Molecular Orbital Primitive Coefficients>
<Energy = T + Vne + Vee + Vnn>
 -3.972686367739e+01
</Energy = T + Vne + Vee + Vnn>
<Virial Ratio (-V/T)>
 2.006620789427e+00
</Virial Ratio (-V/T)>
